[gd_scene load_steps=9 format=3 uid="uid://bpmqngcywil86"]

[ext_resource type="PackedScene" uid="uid://bb18bilw8dg65" path="res://scenes/player.tscn" id="1_player"]
[ext_resource type="PackedScene" uid="uid://b7ijv2qhwgs7g" path="res://scenes/axe.tscn" id="2_axe"]
[ext_resource type="PackedScene" uid="uid://yqq5voq4gtk2" path="res://scenes/tree.tscn" id="3_tree"]
[ext_resource type="PackedScene" uid="uid://betpfe0s85icb" path="res://scenes/chest.tscn" id="4_chest"]
[ext_resource type="Script" uid="uid://brldl6r7w8blk" path="res://scenes/directional_light_3d.gd" id="5_script"]

[sub_resource type="Animation" id="Animation_axe_swing"]
resource_name = "Axe_SWING"
tracks/0/type = "value"
tracks/0/imported = false
tracks/0/enabled = true
tracks/0/path = NodePath(".:rotation")
tracks/0/interp = 1
tracks/0/loop_wrap = true
tracks/0/keys = {
"times": PackedFloat32Array(0, 0.49, 1),
"transitions": PackedFloat32Array(1, 1, 1),
"update": 0,
"values": [Vector3(-0.0801559, -3.1178, 1.54135), Vector3(0.404205, -3.1158, 1.5534), Vector3(-0.074398, -3.11781, 1.54149)]
}

[sub_resource type="Animation" id="Animation_reset"]
length = 0.001
tracks/0/type = "value"
tracks/0/imported = false
tracks/0/enabled = true
tracks/0/path = NodePath(".:rotation")
tracks/0/interp = 1
tracks/0/loop_wrap = true
tracks/0/keys = {
"times": PackedFloat32Array(0),
"transitions": PackedFloat32Array(1),
"update": 0,
"values": [Vector3(-0.0801559, -3.1178, 1.54135)]
}

[sub_resource type="AnimationLibrary" id="AnimationLibrary_axe"]
_data = {
&"Axe_SWING": SubResource("Animation_axe_swing"),
&"RESET": SubResource("Animation_reset")
}

[node name="World" type="Node3D"]

[node name="CSGBox3D" type="CSGBox3D" parent="."]
transform = Transform3D(1, 0, 0, 0, 1, 0, 0, 0, 1, -0.314849, -1.67822, -12.1038)
use_collision = true
size = Vector3(42.2706, 0.417175, 34.6548)

[node name="Player" parent="." instance=ExtResource("1_player")]
transform = Transform3D(1, 0, 0, 0, 1, 0, 0, 0, 1, 1.79132, -0.469632, 1.1526)

[node name="Axe" parent="." instance=ExtResource("2_axe")]
transform = Transform3D(-0.0275297, 0.99934, -0.023714, 0.996357, 0.0293475, 0.0800701, 0.0807132, -0.0214233, -0.996507, -8.90003, -0.371753, -3.77111)

[node name="AnimationPlayer2" type="AnimationPlayer" parent="Axe"]
libraries = {
&"": SubResource("AnimationLibrary_axe")
}

[node name="Chest" parent="." instance=ExtResource("4_chest")]
transform = Transform3D(-0.258819, 0, -0.965926, 0, 1, 0, 0.965926, 0, -0.258819, -9, -1, -4)

[node name="Tree" parent="." instance=ExtResource("3_tree")]
transform = Transform3D(1, 0, 0, 0, 1, 0, 0, 0, 1, 1.18664, -1.83997, -12.7915)

[node name="DirectionalLight_Main" type="DirectionalLight3D" parent="."]
transform = Transform3D(0.481062, -0.0731934, -0.873626, 0.866923, 0.188026, 0.461618, 0.130477, -0.979433, 0.153905, -20.6575, 6.74624, -2.52547)
light_color = Color(1, 1, 0.215686, 1)
light_energy = 7.35
script = ExtResource("5_script")

[node name="DirectionalLight_Ambient" type="DirectionalLight3D" parent="."]
transform = Transform3D(1, 0, 0, 0, 1, 0, 0, 0, 1, 0, 14.4824, -5.38784)
light_color = Color(0.490196, 0.478431, 1, 1)
light_energy = 7.35

[node name="Timer" type="Timer" parent="."]
wait_time = 120.0

[connection signal="timeout" from="Timer" to="DirectionalLight_Main" method="_on_timer_timeout"]
