<<<<<<< HEAD
[gd_scene load_steps=5 format=3 uid="uid://bpmqngcywil86"]

[ext_resource type="PackedScene" uid="uid://bb18bilw8dg65" path="res://scenes/player.tscn" id="1_51tu1"]
[ext_resource type="PackedScene" uid="uid://b7ijv2qhwgs7g" path="res://scenes/axe.tscn" id="2_a0j0i"]
[ext_resource type="PackedScene" uid="uid://betpfe0s85icb" path="res://scenes/chest.tscn" id="3_3ce5c"]
[ext_resource type="Script" uid="uid://brldl6r7w8blk" path="res://scenes/directional_light_3d.gd" id="4_ke7nh"]
=======
[gd_scene load_steps=7 format=3 uid="uid://bpmqngcywil86"]

[ext_resource type="PackedScene" uid="uid://bb18bilw8dg65" path="res://scenes/player.tscn" id="1_51tu1"]
[ext_resource type="PackedScene" uid="uid://b7ijv2qhwgs7g" path="res://scenes/axe.tscn" id="2_a0j0i"]
[ext_resource type="PackedScene" uid="uid://yqq5voq4gtk2" path="res://scenes/tree.tscn" id="3_3ce5c"]

[sub_resource type="Animation" id="Animation_a0j0i"]
resource_name = "Axe_SWING"
tracks/0/type = "value"
tracks/0/imported = false
tracks/0/enabled = true
tracks/0/path = NodePath(".:rotation")
tracks/0/interp = 1
tracks/0/loop_wrap = true
tracks/0/keys = {
"times": PackedFloat32Array(0, 0.49, 1),
"transitions": PackedFloat32Array(1, 1, 1),
"update": 0,
"values": [Vector3(-0.0801559, -3.1178, 1.54135), Vector3(0.404205, -3.1158, 1.5534), Vector3(-0.074398, -3.11781, 1.54149)]
}

[sub_resource type="Animation" id="Animation_3ce5c"]
length = 0.001
tracks/0/type = "value"
tracks/0/imported = false
tracks/0/enabled = true
tracks/0/path = NodePath(".:rotation")
tracks/0/interp = 1
tracks/0/loop_wrap = true
tracks/0/keys = {
"times": PackedFloat32Array(0),
"transitions": PackedFloat32Array(1),
"update": 0,
"values": [Vector3(-0.0801559, -3.1178, 1.54135)]
}

[sub_resource type="AnimationLibrary" id="AnimationLibrary_ke7nh"]
_data = {
&"Axe_SWING": SubResource("Animation_a0j0i"),
&"RESET": SubResource("Animation_3ce5c")
}
>>>>>>> d57ae05d202b299e3009f913ae295fb3a61cab53

[node name="World" type="Node3D"]

[node name="CSGBox3D" type="CSGBox3D" parent="."]
transform = Transform3D(1, 0, 0, 0, 1, 0, 0, 0, 1, -0.314849, -1.67822, -12.1038)
use_collision = true
size = Vector3(42.2706, 0.417175, 34.6548)

[node name="OmniLight3D" type="OmniLight3D" parent="."]
transform = Transform3D(1, 0, 0, 0, 1, 0, 0, 0, 1, 0, 4.68715, -5.38784)
omni_range = 10.0808

[node name="Player" parent="." instance=ExtResource("1_51tu1")]
transform = Transform3D(1, 0, 0, 0, 1, 0, 0, 0, 1, 1.79132, -0.469632, 1.1526)

[node name="Axe" parent="." instance=ExtResource("2_a0j0i")]
<<<<<<< HEAD
transform = Transform3D(1, 0, 0, 0, 1, 0, 0, 0, 1, -8.90003, -0.371753, -3.77111)

[node name="Chest" parent="." instance=ExtResource("3_3ce5c")]
transform = Transform3D(-0.258819, 0, -0.965926, 0, 1, 0, 0.965926, 0, -0.258819, -9, -1, -4)

[node name="DirectionalLight3D" type="DirectionalLight3D" parent="."]
transform = Transform3D(0.481062, -0.0731934, -0.873626, 0.866923, 0.188026, 0.461618, 0.130477, -0.979433, 0.153905, -20.6575, 6.74624, -2.52547)
light_color = Color(1, 1, 0.215686, 1)
light_energy = 7.35
script = ExtResource("4_ke7nh")

[node name="DirectionalLight3D2" type="DirectionalLight3D" parent="."]
transform = Transform3D(0.481062, -0.0731934, -0.873626, 0.866923, 0.188026, 0.461618, 0.130477, -0.979433, 0.153905, -20.6575, 6.74624, -2.52547)
light_color = Color(0.211392, 0.123193, 0.229184, 1)
light_energy = 7.35

[node name="Timer" type="Timer" parent="."]
wait_time = 120.0

[connection signal="timeout" from="Timer" to="DirectionalLight3D" method="_on_timer_timeout"]
=======
transform = Transform3D(-0.0275297, 0.99934, -0.023714, 0.996357, 0.0293475, 0.0800701, 0.0807132, -0.0214233, -0.996507, -0.378413, -0.89865, -6.211)

[node name="AnimationPlayer2" type="AnimationPlayer" parent="Axe"]
libraries = {
&"": SubResource("AnimationLibrary_ke7nh")
}

[node name="Tree" parent="." instance=ExtResource("3_3ce5c")]
transform = Transform3D(1, 0, 0, 0, 1, 0, 0, 0, 1, 1.18664, -1.83997, -12.7915)
>>>>>>> d57ae05d202b299e3009f913ae295fb3a61cab53
